
strategic_region={
	id=12
	name="STRATEGICREGION_12"
	provinces={
		22 76 96 104 122 151 177 183 240 244 261 265 267 279 305 318 377 388 393 394 432 441 455 468 473 496 520 541 560 566 602 610 648 664 678 701 759 804 829 832 840 903 919 927 997 1043 1074 1151 1194 1254 1271 1278 1283 1312 1332 1338 1361 1376 1425 1428 1450 1516 1542 1589 1604 1623 1631 1706 1731 1776 1785 1797 1832 1879 1957 2007 2008 2025 2102 2133 2134 2148 2246 2291 2295 2309 2338 2345 2349 2465 2506 2543 2553 2561 2627 2644 2677 4926 4929 4931 4941 4944 4947 4953 4958 4960 4963 4969 4971 4972 4974 4976 4977 4978 4981 4982 4983 4984 4986 4988 4989 4990 4991 4992 4993 4994 4996 4997 4999 5000 5001 5002 5003 5004 5006 5008 5009 5010 5011 5012 5013 5014 5015 5016 5017 5018 5019 5022 5023 5024 5025 5026 5027 5028 5029 5030 5032 6254 6255 
	}
	weather={
	}
}
