
strategic_region={
	id=20
	name="STRATEGICREGION_20"
	provinces={
		14 15 105 169 188 215 221 223 284 373 383 419 478 493 526 548 562 575 620 665 696 726 758 801 802 811 864 877 878 885 900 915 930 937 947 953 1010 1018 1040 1079 1131 1160 1173 1199 1201 1203 1214 1217 1250 1302 1346 1367 1391 1426 1433 1439 1554 1597 1646 1659 1669 1678 1704 1712 1713 1724 1757 1766 1789 1792 1806 1813 1817 1829 1835 1846 1848 1863 1881 1907 1908 1912 1927 1946 1967 2029 2059 2089 2152 2188 2204 2205 2207 2208 2249 2255 2264 2279 2288 2297 2310 2334 2350 2363 2408 2414 2428 2445 2460 2472 2488 2517 2533 2539 2557 2599 2643 2650 2654 2686 2707 2714 2723 2730 3581 3601 3609 3614 3635 3650 3651 3652 3666 3671 3690 3691 3704 3708 3712 3725 3726 3733 3734 3735 3748 3749 3750 3755 3761 3766 3773 3774 3784 3785 3793 3809 3810 3815 3822 3823 3829 3832 3834 3835 3839 3844 3845 3854 3867 3868 3879 3882 3888 3889 3898 3905 3910 3911 3923 3925 3926 3927 3935 3940 3947 3954 3955 3960 3966 3967 3968 3970 3975 3981 3984 3992 3996 4004 4007 4015 4028 4038 4039 4050 4051 4052 4053 4057 4067 4068 4070 4075 4076 4080 4081 4082 4084 4085 4086 4088 4091 4092 4099 4100 4107 4109 4113 4114 4115 4117 4118 4119 4123 4124 4130 4131 4137 4138 4139 4140 4146 4149 4150 4153 4161 4162 4166 4168 4169 4170 4171 4175 4181 4182 4185 4187 4191 4192 4196 4197 4198 4202 4204 4205 4211 4213 4215 4220 4229 4230 4234 4240 4241 4245 4246 4251 4258 4263 4268 4279 4285 4292 4300 4303 4304 4305 4311 4312 4325 4330 4343 4355 
	}
	weather={
	}
}
