
strategic_region={
	id=22
	name="STRATEGICREGION_22"
	provinces={
		57 82 92 289 344 345 368 400 401 439 471 476 480 518 519 567 580 686 718 722 803 827 906 924 929 970 1002 1026 1036 1055 1189 1209 1223 1340 1357 1359 1437 1449 1466 1479 1586 1609 1665 1710 1734 1763 1765 1811 1834 1839 1924 1956 1980 2018 2062 2125 2144 2283 2286 2332 2432 2466 2487 2513 2634 2657 2660 2724 2733 3423 3432 3436 3447 3452 3459 3465 3466 3490 3500 3524 3552 3568 3584 3618 3619 3634 3638 3644 3645 3659 3660 3663 3674 3688 3698 3716 3728 3738 3744 3751 3763 3772 3776 3786 3789 3796 3798 3804 3813 3826 3830 3842 3846 3858 3859 3876 
	}
	weather={
	}
}
