
strategic_region={
	id=23
	name="STRATEGICREGION_23"
	provinces={
		3 5 27 33 42 47 65 72 80 115 136 148 162 171 172 202 207 225 253 299 339 369 399 403 408 415 418 428 447 499 506 522 531 545 583 584 604 613 624 629 650 660 716 740 749 781 830 834 836 838 865 907 961 962 965 1009 1014 1032 1047 1065 1088 1089 1106 1127 1134 1149 1163 1187 1192 1228 1265 1267 1304 1313 1358 1377 1378 1400 1406 1416 1420 1443 1444 1464 1484 1509 1533 1550 1585 1590 1617 1689 1698 1756 1857 1865 1906 1982 2036 2037 2043 2096 2113 2157 2162 2163 2166 2173 2314 2380 2436 2464 2624 2635 2661 2735 4674 4679 4688 4699 4705 4722 4746 4752 4759 4760 4761 4768 4769 4776 4781 4783 4785 4788 4800 4803 4806 4818 4822 4823 4828 4830 4831 4836 4838 4842 4843 4846 4849 4853 4854 4855 4857 4861 4863 4864 4867 4869 4873 4874 4876 4877 4878 4882 4887 4889 4890 4892 4894 4895 4897 4899 4902 4903 4905 4907 4908 4909 4915 4919 4923 4924 4933 4936 4945 4954 6249 6250 6253 
	}
	weather={
	}
}
