
strategic_region={
	id=24
	name="STRATEGICREGION_24"
	provinces={
		48 69 94 126 198 239 259 264 266 278 311 312 322 331 348 490 538 636 662 724 757 772 809 897 917 923 948 968 975 985 994 1053 1054 1081 1093 1108 1186 1197 1208 1241 1251 1284 1296 1299 1318 1345 1363 1520 1544 1572 1578 1588 1612 1662 1703 1722 1745 1872 1890 1914 1986 1993 2060 2140 2158 2164 2239 2282 2305 2308 2385 2469 2471 2546 2575 2581 2588 2603 2646 2669 2683 2703 2725 4550 4578 4579 4583 4584 4585 4599 4613 4614 4618 4620 4641 4648 4650 4654 4659 4660 4661 4662 4663 4664 4665 4666 4667 4669 4670 4671 4672 4677 4678 4683 4693 4707 4711 4712 4725 4735 4756 4762 4766 4774 4787 4796 4798 4805 4807 4809 4817 4820 4825 4832 
	}
	weather={
	}
}
