
strategic_region={
	id=27
	name="STRATEGICREGION_27"
	provinces={
		133 304 346 374 412 462 508 537 542 590 663 668 694 704 738 756 821 873 944 950 1073 1120 1220 1256 1301 1351 1387 1413 1451 1456 1474 1490 1618 1705 1725 1742 1855 1904 1930 2010 2042 2084 2092 2110 2117 2219 2238 2244 2248 2284 2299 2303 2317 2383 2404 2409 2425 2477 2491 2562 2563 2566 2568 2605 2679 2684 2708 3647 3676 3677 3701 3710 3721 3730 3746 3765 3771 3787 3792 3802 3805 3808 3817 3821 3831 3833 3847 3848 3874 3877 3887 3897 3901 3904 3909 3917 3920 3924 3934 3938 3939 3946 3969 3980 4001 4006 4014 4024 4026 4027 4032 4037 4044 4046 4047 4049 4055 4059 4062 4069 4073 4074 4079 4095 4104 4106 4110 4122 4126 4127 4129 4136 4148 4158 4165 4167 4178 4195 4201 4228 
	}
	weather={
	}
}
