
strategic_region={
	id=28
	name="STRATEGICREGION_28"
	provinces={
		45 63 123 167 214 231 232 301 378 421 485 511 516 557 585 608 632 641 692 693 767 775 782 931 938 1005 1060 1069 1094 1101 1247 1263 1290 1311 1326 1330 1335 1470 1478 1502 1506 1592 1594 1714 1733 1760 1769 1777 1790 1796 1801 1903 1911 1936 1999 2020 2033 2040 2051 2064 2093 2181 2189 2191 2203 2258 2260 2333 2347 2399 2433 2504 2527 2544 2564 2590 2607 2614 2664 2670 2706 3893 3950 4054 4208 4218 4233 4248 4276 4294 4310 4320 4323 4326 4328 4334 4345 4347 4357 4364 4367 4371 4374 4380 4387 4389 4390 4393 4394 4396 4406 4409 4412 4416 4420 4422 4437 4438 4440 4442 4447 4453 4459 4477 4491 4493 4494 4498 4500 4505 
	}
	weather={
	}
}
