
strategic_region={
	id=29
	name="STRATEGICREGION_29"
	provinces={
		10 51 86 101 156 160 197 224 258 276 286 287 295 316 319 340 358 362 371 379 380 384 436 502 657 666 669 703 709 719 723 728 857 987 1037 1041 1067 1068 1071 1109 1111 1132 1137 1191 1232 1233 1264 1288 1297 1298 1308 1334 1389 1628 1637 1648 1691 1697 1764 1828 1830 1887 1921 1923 1972 1988 2000 2024 2126 2145 2183 2226 2233 2234 2250 2293 2296 2327 2335 2375 2424 2435 2438 2439 2447 2462 2500 2555 2579 2637 2668 4071 4120 4151 4154 4179 4193 4206 4207 4214 4216 4217 4221 4223 4224 4225 4231 4232 4237 4238 4243 4252 4253 4256 4260 4265 4280 4282 4283 4286 4287 4307 4309 4318 4333 4337 4338 4342 4353 4354 4356 4363 4378 4388 4392 4395 4398 4399 4404 4405 4411 4414 4415 4418 4419 4421 4434 4436 4439 4449 4462 4463 4467 4468 4471 4476 
	}
	weather={
	}
}
