
strategic_region={
	id=3
	name="STRATEGICREGION_3"
	provinces={
		66 129 137 246 248 352 464 527 702 737 822 823 904 925 939 940 956 966 1016 1017 1115 1118 1145 1195 1249 1277 1379 1404 1446 1477 1511 1574 1610 1626 1636 1641 1758 1767 1821 1824 1841 1902 1925 1976 2055 2083 2118 2141 2153 2177 2180 2194 2198 2221 2229 2242 2259 2266 2269 2331 2372 2398 2434 2444 2645 2648 2663 2693 2728 4716 4719 4724 4727 4729 4732 4733 4734 4737 4741 4742 4744 4749 4750 4755 4757 4758 4765 4770 4772 4773 4775 4777 4780 4782 4784 4791 4792 4793 4794 4795 4799 4802 4804 4808 4812 4813 4814 4816 4819 4821 4824 4826 4827 4829 4833 4834 4835 4839 4840 4845 4847 4852 4856 4858 4860 4866 4868 4870 4871 4872 4879 4881 4883 4884 4886 4888 4893 4896 4900 4901 4906 4912 4913 4914 4917 4921 6246 6247 6248 6251 6252 
	}
	weather={
	}
}
