
strategic_region={
	id=30
	name="STRATEGICREGION_30"
	provinces={
		13 52 62 107 108 159 205 210 254 290 324 330 381 397 416 424 530 533 594 746 780 860 892 896 941 1035 1058 1076 1175 1236 1240 1255 1266 1306 1384 1460 1475 1526 1532 1540 1552 1557 1564 1634 1649 1749 1771 1844 1893 1895 1929 2017 2028 2103 2119 2156 2373 2390 2426 2468 2493 2499 2698 2702 3591 3594 3595 3602 3603 3628 3629 3637 3657 3658 3706 3709 3737 3775 3803 3837 3840 3870 3878 3903 3928 3941 3951 3961 3972 3973 3995 4003 4098 4102 4132 4133 4152 4163 4184 4222 4277 
	}
	weather={
	}
}
