
strategic_region={
	id=31
	name="STRATEGICREGION_31"
	provinces={
		18 32 34 40 117 142 158 191 219 335 390 438 466 512 534 578 690 705 852 884 888 954 973 978 999 1022 1049 1050 1107 1125 1128 1136 1141 1148 1320 1331 1382 1422 1494 1517 1546 1575 1591 1593 1644 1674 1686 1707 1748 1755 1778 1809 1864 1870 1883 1920 1933 1950 1965 1970 1981 1987 2003 2063 2074 2091 2094 2106 2123 2142 2149 2165 2169 2218 2220 2231 2247 2253 2322 2323 2381 2388 2456 2457 2461 2473 2479 2492 2497 2509 2615 2625 2640 2653 2655 2695 3443 3477 3481 3521 3522 3531 3546 3547 3548 3557 3558 3565 3566 3570 3582 3583 3589 3590 3593 3605 3606 3610 3615 3616 3632 3636 3642 3643 3653 3656 3667 3668 3672 3686 3692 3693 3697 3705 3713 3714 3722 3736 3742 3756 3764 3767 3779 3780 3788 3797 3811 3812 3818 3824 3836 3849 3852 3855 3862 3863 3869 3883 3890 3891 3906 3912 3918 3921 3933 3936 3937 3956 3957 3962 3963 3985 3993 3997 4002 4011 4016 4018 4025 4040 4045 4060 4063 4077 4083 4087 4093 4096 4101 4108 4111 4121 4128 4141 4142 4143 4155 4159 4172 4173 4176 4180 4183 4186 4194 4199 4200 5128 5129 5131 5132 5133 
	}
	weather={
	}
}
