
strategic_region={
	id=32
	name="STRATEGICREGION_32"
	provinces={
		113 128 143 235 257 389 410 484 492 498 525 561 581 599 607 635 639 645 685 691 714 735 866 905 912 916 943 946 977 979 984 992 998 1044 1061 1062 1090 1142 1276 1287 1343 1364 1368 1369 1393 1414 1424 1461 1551 1577 1582 1600 1624 1657 1661 1670 1699 1709 1781 1784 1853 1939 1968 2016 2054 2079 2086 2090 2101 2107 2116 2120 2143 2150 2201 2211 2214 2252 2324 2343 2356 2357 2378 2396 2401 2410 2412 2427 2478 2482 2483 2498 2501 2525 2526 2534 2537 2559 2571 2572 2612 2642 2651 2652 2658 2672 2691 2715 3080 3087 3093 3110 3111 3114 3115 3120 3123 3133 3138 3148 3149 3150 3161 3166 3168 3181 3182 3184 3187 3188 3190 3194 3200 3206 3212 3218 3223 3225 3229 3240 3241 3245 3246 3247 3249 3250 3253 3254 3259 3261 3265 3272 3282 3287 3295 3296 3297 3298 3301 3311 3314 3315 3316 3318 3319 3320 3321 3323 3327 3329 3333 3334 3336 3340 3347 3353 3354 3355 3356 3359 3369 3370 3372 3381 3383 3384 3391 3396 3407 3408 3413 3414 3419 3422 3429 3435 3442 3444 3458 3461 3462 3470 3474 3476 3479 3480 3485 3494 3499 3506 3512 3513 3514 3517 3520 3530 3540 3556 3572 6242 
	}
	weather={
	}
}
