
strategic_region={
	id=33
	name="STRATEGICREGION_33"
	provinces={
		11 30 168 173 206 216 255 367 420 505 556 634 643 655 656 677 682 695 707 713 727 747 751 752 790 835 894 967 969 1048 1117 1119 1138 1167 1182 1289 1321 1322 1429 1440 1445 1462 1485 1507 1525 1527 1529 1539 1560 1613 1619 1651 1655 1782 1812 1866 1884 1899 1926 1932 1937 1953 1954 1960 1962 1964 1974 1995 2002 2030 2031 2080 2178 2222 2223 2342 2367 2400 2440 2489 2545 2580 2583 2598 2618 2621 2638 2697 2700 2732 3142 3143 3158 3173 3176 3177 3191 3192 3195 3196 3204 3207 3210 3211 3213 3221 3226 3231 3232 3233 3234 3237 3242 3243 3248 3255 3256 3257 3262 3266 3267 3276 3278 3289 3290 3299 3300 3303 3322 3341 3342 3343 3344 3345 3374 3375 3386 3388 3402 3404 3415 3427 3433 3437 3438 3445 3448 3467 3471 3475 3486 3495 3496 3501 3502 3507 3529 3533 3560 3571 3573 3578 3585 3596 3611 3620 3630 3646 3675 3682 3683 3684 3694 3707 3718 3719 3729 3740 3770 3814 
	}
	weather={
	}
}
