
strategic_region={
	id=36
	name="STRATEGICREGION_36"
	provinces={
		4 17 44 99 220 256 270 306 309 370 402 414 437 523 550 622 627 776 778 814 851 868 871 886 980 981 1001 1006 1105 1202 1383 1411 1431 1473 1487 1495 1625 1645 1723 1741 1827 1840 1858 1917 1931 1934 1945 2066 2069 2122 2172 2184 2197 2254 2302 2304 2369 2441 2450 2515 2520 2584 2596 2611 2719 2727 2961 2964 2966 2967 2968 2969 2971 2972 2973 2974 2977 2978 2979 2982 2984 2985 2986 2988 2990 2991 2992 2995 2996 2999 3000 3002 3003 3005 3007 3008 3009 3010 3013 3014 3015 3016 3017 3018 3019 3020 3023 3025 3027 3029 3030 3031 3033 3035 3036 3037 3042 3043 3044 3046 3052 3054 3059 3066 3070 3072 3073 3077 3081 3082 3085 3088 3094 3098 3102 3103 3108 5120 5121 5124 5125 6241 
	}
	weather={
	}
}
