
strategic_region={
	id=38
	name="STRATEGICREGION_38"
	provinces={
		6 35 49 60 78 103 161 315 481 486 671 675 684 750 754 766 819 879 908 911 974 986 988 990 1140 1178 1216 1238 1270 1329 1380 1390 1397 1407 1436 1555 1570 1632 1638 1642 1676 1759 1780 1787 1847 1854 1859 1860 1901 1941 2032 2053 2088 2127 2195 2236 2325 2326 2328 2329 2358 2507 2547 2602 2630 2694 2960 2981 2987 2994 2997 2998 3001 3006 3011 3021 3022 3039 3041 3042 3060 3083 3099 3112 3122 3127 3130 3134 3135 3139 3140 3141 3151 3156 3163 3164 3172 3175 3179 3185 3189 3201 3203 3209 3215 3220 3230 3236 3258 3269 3270 3273 3274 3281 3283 3288 3330 3357 3360 3363 3373 3382 3397 
	}
	weather={
	}
}
