
strategic_region={
	id=40
	name="STRATEGICREGION_40"
	provinces={
		20 81 90 124 213 283 285 353 365 391 440 442 458 463 536 558 559 598 619 743 763 880 1177 1257 1430 1463 1489 1568 1603 1639 1668 1682 1711 1746 1751 1772 1833 2099 2159 2272 2315 2370 2536 2620 2932 2933 2934 2941 2944 2946 2947 2948 2950 2951 2952 2953 2954 2955 2956 2957 2958 2959 2962 2963 2965 2970 2975 2976 2983 2989 2993 3004 3012 3065 5123 5126 6232 6233 6234 6235 6236 6237 6238 6239 6240 6285 6286  
	}
	weather={
	}
}
