
strategic_region={
	id=45
	name="STRATEGICREGION_45"
	provinces={
		21 68 89 135 187 195 229 236 333 355 366 386 433 448 501 513 539 555 588 646 674 734 796 805 807 816 842 890 949 960 996 1121 1273 1423 1434 1512 1541 1556 1565 1566 1640 1666 1672 1786 1805 1952 1963 2034 2097 2256 2270 2277 2318 2379 2413 2505 2716 2739 2740 2742 2744 2745 2747 2751 2752 2753 2754 2756 2757 2758 2759 2761 2762 2763 2768 2769 2770 2773 2775 2776 2777 2779 2781 2782 2783 2788 2789 2791 2792 2793 2794 2795 2798 2811 2812 2814 2816 2817 2819 6208 6209 6210 
	}
	weather={
	}
}
