
strategic_region={
	id=47
	name="STRATEGICREGION_47"
	provinces={
		41 77 102 120 131 140 145 201 243 350 355 356 405 451 469 507 532 564 615 616 647 672 683 717 721 859 920 983 1031 1083 1097 1166 1246 1316 1399 1421 1427 1468 1537 1543 1548 1579 1602 1650 1654 1690 1700 1702 1779 1880 1984 2100 2186 2290 2374 2430 2522 2586 2589 2641 2667 2692 2720 2734 2738 2746 2749 2760 2766 2767 2772 2778 2780 2784 2786 2787 2790 2796 2797 2801 2802 2803 2804 2805 2807 2818 2820 2822 2824 2825 5044 5071 5075 5078 
	}
	weather={
	}
}
