
strategic_region={
	id=49
	name="STRATEGICREGION_49"
	provinces={
		74 175 268 273 454 524 687 794 844 913 1045 1116 1230 1547 1549 1692 1823 1825 2176 2391 2484 2540 2623 2636 2647 2711 2823 2827 2828 2829 2830 2831 2838 2848 2857 2867 2871 2872 2874 2875 2877 5060 5062 5066 5069 6220 6299 6300 6301 6302 6303 6304 6305 6306 6307 6308 6309 6310 6311 6312 6313 6314 6315 6316 6317 6318 6319 6320 6321 6322 6323 6324 6325 6326 6327 6328 6329 6330 6331 6332 6333 6334 6335 6336 6337 6338 6339 6340 6341 6342 6343 6344 6345 6346 6347 6348 6349 6350 6351 6352 6353 6354 6355 6356 6357 6358 
	}
	weather={
	}
}
