
strategic_region={
	id=5
	name="STRATEGICREGION_5"
	provinces={
		176 185 307 409 487 600 605 681 765 800 1024 1038 1180 1185 1305 1508 1581 1622 1944 2004 2179 2216 2217 2280 2287 2418 2512 2532 2573 2712 4542 4546 4548 4555 4557 4558 4559 4561 4564 4565 4567 4571 4576 4577 4581 4591 4594 4596 4600 4601 4608 4615 4617 4621 4625 4626 4632 4633 4634 4635 4636 4639 4643 4644 4645 4646 4647 4649 4652 4653 4656 4657 4658 6256 6257 6258 6259 6260 6261 6262 6263 6264 6265 6266 6267 6268 6269 6274 6464 6465 6467 6468 6469 6470 6471 6472 6473 6474 6475 6476 6477 6478 6484 
	}
	weather={
	}
}
