
strategic_region={
	id=6
	name="STRATEGICREGION_6"
	provinces={
		8 121 192 194 294 328 444 457 483 565 642 708 761 762 792 798 815 817 843 847 849 869 876 882 889 921 926 993 1004 1012 1013 1028 1064 1102 1174 1181 1210 1215 1292 1294 1315 1360 1371 1417 1501 1681 1715 1718 1773 1831 1867 1938 1966 1994 2109 2115 2130 2137 2212 2451 2510 2516 2594 2604 2622 4423 4426 4431 4433 4445 4446 4452 4456 4464 4472 4474 4482 4489 4496 4497 4499 4501 4502 4503 4507 4508 4509 4510 4512 4513 4514 4515 4516 4517 4521 4523 4524 4525 4526 4527 4528 4529 4531 4532 4535 4536 4537 4539 4543 4544 4545 4549 4552 4572 4573 4589 4604 4606 4609 
	}
	weather={
	}
}
