
strategic_region={
	id=70
	name="STRATEGICREGION_70"
	provinces={
		118 271 450 1100 5035 5036 5037 5165 5167 5168 5169 5170 5171 5172 5173 5174 5175 5176 5177 5178 5179 5180 5181 5182 5183 5184 5186 5187 5188 5190 5193 5195 5197 5198 5201 5202 5203 5206 5207 5208 5209 5210 5211 5212 5213 5214 5215 5216 5217 5218 5219 5220 5221 5222 5224 5225 5226 5228 5229 5230 5260 5290 5337 5378 5397 5406 5423 5459 5497 5504 5555 5556 5594 5595 5601 5607 5609 5634 5639 5643 5662 5685 5691 5697 5737 5781 5791 5797 5809 5818 5830 5844 5859 5871 5887 5897 5905 5915 5935 5952 5977 5988 5998 5999 6009 6181 6184 6185 6187 6189 6191 6192 6193 6194 6197 6198 6199 6200 6201 6202 6204 6207 
	}
	naval_terrain=water_fjords
	weather={
	}
}
