
strategic_region={
	id=89
	name="STRATEGICREGION_89"
	provinces={
		45 46 123 125 138 231 232 300 303 477 485 552 554 596 679 692 767 775 808 931 963 972 1039 1063 1094 1101 1260 1263 1293 1311 1319 1330 1349 1418 1470 1500 1515 1660 1721 1733 1790 1822 1836 1896 1903 1911 1998 2014 2041 2045 2051 2093 2132 2181 2206 2224 2243 2260 2354 2411 2433 2442 2454 2527 2528 2567 2569 2576 2726 3488 3523 3525 3532 3542 3543 3544 3559 3567 3600 3617 3627 3633 3680 3681 3723 3724 3743 3762 3781 3794 3850 3856 3884 3892 3893 3902 3913 3914 3915 3930 3948 3949 3950 3958 3964 3971 3982 3986 3994 4008 4012 4019 4023 4029 4054 4089 4097 4144 4208 4231 4248 4281 4328 4347 4354 4387 4393 4409 4412 4416 4437 
	}
	weather={
	}
}
