
strategic_region={
	id=94
	name="STRATEGICREGION_94"
	provinces={
		22 42 47 72 80 115 162 165 261 369 403 415 428 447 468 496 531 584 610 629 650 664 716 740 749 832 838 907 965 997 1009 1065 1089 1106 1127 1149 1163 1187 1194 1254 1312 1313 1338 1376 1377 1420 1443 1450 1464 1465 1509 1516 1533 1550 1617 1623 1689 1756 1785 1879 1982 2008 2013 2025 2102 2113 2133 2134 2157 2163 2166 2309 2338 2543 2553 2561 2617 2624 2627 2635 2677 4540 4560 4569 4574 4582 4586 4590 4592 4597 4607 4610 4674 4688 4699 4705 4722 4746 4781 4783 4785 4800 4803 4806 4818 4828 4830 4836 4838 4842 4846 4854 4855 4857 4863 4874 4878 4887 4894 4895 4902 4905 4915 4919 4923 4924 4926 4929 4931 4933 4936 4941 4944 4947 4953 4958 4960 4963 4969 4972 4974 4976 4983 4984 4988 
	}
	weather={
	}
}
