1;3066.00;10.30;1540.00;big
1;3117.00;9.50;1596.00;big
2;1755.00;9.50;625.00;big
2;681.00;9.50;1128.00;big
3;3227.00;10.88;510.00;big
3;3165.00;10.25;530.00;big
4;3389.00;14.40;643.00;big
4;3324.00;13.10;716.00;big
5;3378.00;11.00;792.00;big
5;3471.00;15.57;738.00;big
6;3427.00;12.75;838.00;big
6;3552.00;10.30;857.00;big
7;3638.00;13.98;813.00;big
7;3549.00;11.20;756.00;big
8;3722.00;13.80;1017.00;big
8;3620.00;14.07;976.00;big
9;3801.00;12.80;1103.00;big
9;3718.00;13.68;1126.00;big
10;3123.00;11.65;554.00;big
10;3186.00;10.60;631.00;big
11;3161.00;10.60;432.00;big
11;3053.00;11.65;439.00;big
12;2788.00;18.52;187.00;big
12;2864.00;14.15;322.00;big
13;2886.00;9.50;131.00;big
13;3112.00;10.48;87.00;big
14;2694.00;10.30;242.00;big
14;2731.00;10.03;74.00;big
15;2790.00;20.33;516.00;big
15;2757.00;19.27;420.00;big
16;2832.00;21.00;703.00;big
16;2803.00;18.48;868.00;big
17;2642.00;10.30;1086.00;big
17;2579.00;19.52;1129.00;big
18;2877.00;18.68;868.00;big
18;2981.00;11.45;828.00;big
19;2668.00;19.20;975.00;big
19;2764.00;19.08;932.00;big
20;2822.00;10.80;1041.00;big
20;2969.00;10.82;1094.00;big
21;3099.00;11.50;810.00;big
21;3246.00;13.10;801.00;big
22;2572.00;18.08;1215.00;big
22;2674.00;11.60;1198.00;big
23;2909.00;10.85;499.00;big
23;3005.00;11.23;599.00;big
24;3077.00;11.00;623.00;big
24;2993.00;10.55;713.00;big
25;3186.00;11.00;682.00;big
25;3115.00;12.18;745.00;big
26;2724.00;10.70;1114.00;big
26;2843.00;11.10;1168.00;big
27;2946.00;11.20;1154.00;big
27;2797.00;11.00;1084.00;big
28;3418.00;13.75;899.00;big
28;3476.00;11.80;1001.00;big
29;3211.00;11.20;951.00;big
29;3135.00;12.95;1039.00;big
30;3511.00;10.80;1181.00;big
30;3604.00;10.93;1104.00;big
31;3320.00;10.48;1214.00;big
31;3243.00;12.60;1119.00;big
32;3188.00;12.35;1352.00;big
32;3289.00;11.48;1293.00;big
33;2848.00;11.40;1353.00;big
33;2764.00;12.05;1257.00;big
34;3120.00;11.25;1270.00;big
34;2981.00;13.00;1303.00;big
35;3064.00;10.50;1424.00;big
35;2940.00;11.98;1393.00;big
36;2942.00;11.25;1481.00;big
36;2794.00;13.68;1465.00;big
37;3037.00;9.50;1724.00;big
37;3090.00;9.50;1686.00;big
38;2682.00;12.55;1348.00;big
38;2639.00;15.43;1452.00;big
39;2229.00;11.07;1236.00;big
39;2477.00;9.50;1146.00;big
40;2502.00;11.40;1463.00;big
40;2393.00;10.55;1548.00;big
41;2237.00;19.62;1625.00;big
41;2283.00;11.38;1674.00;big
42;2285.00;10.40;1779.00;big
42;2225.00;11.23;1722.00;big
43;2019.00;13.43;1665.00;big
43;2148.00;13.88;1677.00;big
44;1937.00;15.70;1795.00;big
44;0.00;9.50;0.00;big
45;1957.00;11.73;1955.00;big
45;1890.00;11.82;2014.00;big
46;1893.00;12.62;1681.00;big
46;1850.00;13.57;1746.00;big
47;1636.00;14.15;1994.00;big
47;1724.00;16.45;1948.00;big
48;2560.00;10.70;1949.00;big
48;2543.00;10.45;2009.00;big
49;2535.00;10.98;1859.00;big
49;2683.00;12.68;1797.00;big
50;2637.00;9.55;1999.00;big
50;2668.00;9.50;1903.00;big
51;2815.00;10.80;1737.00;big
51;2895.00;11.30;1729.00;big
53;2017.00;9.50;1990.00;big
53;2244.00;9.50;2012.00;big
54;2077.00;9.50;1761.00;big
54;2274.00;9.50;1819.00;big
55;2366.00;9.50;1663.00;big
55;2372.00;9.50;1799.00;big
56;2511.00;9.50;1906.00;big
56;2482.00;9.50;1997.00;big
57;2492.00;10.53;1823.00;big
57;2598.00;9.50;1770.00;big
58;2476.00;9.50;1500.00;big
58;2647.00;9.50;1520.00;big
59;2693.00;10.50;1703.00;big
59;2801.00;9.50;1561.00;big
60;2920.00;9.50;1698.00;big
60;2936.00;9.50;1548.00;big
61;3219.00;9.50;1438.00;big
61;3345.00;9.50;1431.00;big
62;3597.00;9.50;1256.00;big
62;3408.00;9.50;1285.00;big
63;3857.00;9.50;1134.00;big
63;3758.00;9.50;977.00;big
64;3639.00;9.50;763.00;big
64;3413.00;9.50;611.00;big
65;3241.00;9.50;443.00;big
65;3024.00;9.50;325.00;big
66;1508.00;13.93;1970.00;big
66;1663.00;9.50;1846.00;big
67;2155.00;9.50;1583.00;big
67;1853.00;9.50;1640.00;big
68;2549.00;9.50;1395.00;big
68;2401.00;9.50;1487.00;big
69;2648.00;9.50;865.00;big
69;2693.00;9.50;510.00;big
70;2661.00;9.60;153.00;big
70;2783.00;10.35;32.00;big
71;2806.00;9.50;1826.00;big
71;2961.00;9.50;1769.00;big
72;4892.00;9.50;1603.00;big
72;3759.00;9.50;1731.00;big
73;5148.00;9.50;458.00;big
73;4124.00;9.50;433.00;big
74;3662.00;9.50;1067.00;big
74;3539.00;9.50;921.00;big
75;3295.00;9.50;653.00;big
75;3161.00;9.50;581.00;big
76;3054.00;9.50;599.00;big
76;2973.00;10.28;696.00;big
77;3169.00;9.60;735.00;big
77;3117.00;9.50;619.00;big
78;3161.00;9.50;482.00;big
78;3072.00;9.50;530.00;big
79;3191.00;9.50;646.00;big
79;3336.00;9.50;806.00;big
80;3000.00;9.50;1460.00;big
80;2880.00;9.50;1365.00;big
81;3027.00;9.50;1246.00;big
81;2894.00;9.50;1313.00;big
82;2889.00;9.50;1155.00;big
82;2783.00;9.50;1116.00;big
83;2864.00;10.38;1075.00;big
83;3012.00;9.50;1154.00;big
84;2767.00;9.50;1188.00;big
84;2880.00;10.20;1207.00;big
85;3052.00;9.50;1186.00;big
85;2978.00;9.50;1185.00;big
86;3189.00;9.50;1245.00;big
86;3138.00;9.60;1324.00;big
87;3225.00;9.50;1223.00;big
87;3166.00;9.50;1133.00;big
88;3350.00;9.50;1258.00;big
88;3322.00;10.43;1191.00;big
89;3401.00;12.50;1167.00;big
89;3376.00;12.00;988.00;big
90;3332.00;12.07;585.00;big
90;3233.00;10.90;614.00;big
91;2899.00;11.32;988.00;big
91;3012.00;14.07;988.00;big
92;2863.00;11.00;1249.00;big
92;2991.00;11.00;1222.00;big
93;3176.00;10.60;1190.00;big
93;3085.00;10.32;1137.00;big
94;2827.00;16.10;457.00;big
94;2870.00;20.08;676.00;big
95;2316.00;14.10;1596.00;big
95;2381.00;11.28;1626.00;big
96;0.00;9.50;0.00;big
96;1765.00;15.45;1814.00;big
